20
11
0 1794 7408 4391 3381 1633 4394 2820 6107 7989 7220 2670 5055 1626 4015 1694 7071 1910 8473 3544
1794 0 7758 4741 1773 1983 4744 3170 6457 8339 7570 1062 5405 1624 2407 1438 7421 1090 8823 3894
7408 7758 0 3847 9345 6087 4632 6412 2871 805 1856 8634 2653 7590 9979 7658 1883 7874 1289 5256
4391 4741 3847 0 6328 3070 1615 3395 2546 4428 3659 5617 1494 4573 6962 4641 3510 4857 4912 2239
3381 1773 9345 6328 0 3570 6331 4757 8044 9926 9157 1761 6992 3211 1350 3025 9008 2677 10410 5481
1633 1983 6087 3070 3570 0 3073 1499 4786 6668 5899 2859 3734 1815 4204 1883 5750 2099 7152 2223
4394 4744 4632 1615 6331 3073 0 3398 3331 5213 4444 5620 2279 4576 6965 4644 4295 4860 5697 2242
2820 3170 6412 3395 4757 1499 3398 0 5111 6993 6224 4046 4059 3002 5391 3070 6075 3286 7477 2548
6107 6457 2871 2546 8044 4786 3331 5111 0 3452 2683 7333 1352 6289 8678 6357 2534 6573 3936 3955
7989 8339 805 4428 9926 6668 5213 6993 3452 0 2437 9215 3234 8171 10560 8239 2464 8455 746 5837
7220 7570 1856 3659 9157 5899 4444 6224 2683 2437 0 8446 2465 7402 9791 7470 1695 7686 2921 5068
2670 1062 8634 5617 1761 2859 5620 4046 7333 9215 8446 0 6281 2500 2395 2314 8297 1966 9699 4770
5055 5405 2653 1494 6992 3734 2279 4059 1352 3234 2465 6281 0 5237 7626 5305 2316 5521 3718 2903
1626 1624 7590 4573 3211 1815 4576 3002 6289 8171 7402 2500 5237 0 3845 1524 7253 1740 8655 3726
4015 2407 9979 6962 1350 4204 6965 5391 8678 10560 9791 2395 7626 3845 0 3659 9642 3311 11044 6115
1694 1438 7658 4641 3025 1883 4644 3070 6357 8239 7470 2314 5305 1524 3659 0 7321 1554 8723 3794
7071 7421 1883 3510 9008 5750 4295 6075 2534 2464 1695 8297 2316 7253 9642 7321 0 7537 2948 4919
1910 1090 7874 4857 2677 2099 4860 3286 6573 8455 7686 1966 5521 1740 3311 1554 7537 0 8939 4010
8473 8823 1289 4912 10410 7152 5697 7477 3936 746 2921 9699 3718 8655 11044 8723 2948 8939 0 6321
3544 3894 5256 2239 5481 2223 2242 2548 3955 5837 5068 4770 2903 3726 6115 3794 4919 4010 6321 0
