30
0 1534 1159 977 1036 1336 1077 1752 1757 1217 1630 1719 1179 1634 1210 986 1325 1656 1623 957 1487 1552 972 1665 1772 1061 1486 1137 1290 1474 
1534 0 1715 1672 1150 1004 1013 999 1016 1272 1363 1675 1292 1086 1518 1303 1216 1732 1173 908 1659 1322 1106 1394 946 1343 907 1310 1598 1375 
1159 1715 0 917 913 1565 1295 1156 1268 1275 1197 1690 1029 1795 1397 1273 1022 1148 1047 1500 963 1145 1206 1608 1080 1620 910 1433 1348 1125 
977 1672 917 0 1266 1330 979 1350 1737 1735 1391 1230 920 1549 1119 1258 1065 1609 1247 1288 1108 1532 1053 1030 1654 1505 1478 1353 1601 975 
1036 1150 913 1266 0 1447 929 1174 1183 1045 1331 1714 1493 1111 1575 1728 1658 1320 1302 1749 1700 1180 1233 1797 1586 1578 1501 1703 1783 1787 
1336 1004 1565 1330 1447 0 1267 1283 941 1448 1685 1382 1585 1321 1105 1652 1011 1307 1775 1720 983 1051 1377 1393 954 1614 1313 1083 1592 1619 
1077 1013 1295 979 929 1267 0 1381 1677 1211 1398 1081 1740 1152 1510 1000 982 1452 1796 927 1716 1386 1472 1170 1627 1540 1407 1704 1329 903 
1752 999 1156 1350 1174 1283 1381 0 926 1754 1110 998 931 1423 1576 1243 1196 1543 1492 1364 1535 1553 1767 1470 1736 905 1138 1705 1164 1593 
1757 1016 1268 1737 1183 941 1677 926 0 1097 1043 962 1253 1709 1401 1132 1583 1198 1006 1040 933 1187 1747 1144 1057 1304 1282 1123 1571 1765 
1217 1272 1275 1735 1045 1448 1211 1754 1097 0 1232 1437 1445 1376 1673 1770 1725 1538 1182 1415 953 990 1731 967 985 1300 1502 1741 934 1354 
1630 1363 1197 1391 1331 1685 1398 1110 1043 1232 0 1574 1702 1680 1222 1400 1255 1082 1323 1509 1352 968 1413 1718 1504 1584 1093 1270 1774 1240 
1719 1675 1690 1230 1714 1382 1081 998 962 1437 1574 0 1075 1570 1419 1099 1519 1186 955 1508 1724 1568 1640 1503 1555 1042 1628 1262 1227 1151 
1179 1292 1029 920 1493 1585 1740 931 1253 1445 1702 1075 0 1588 1102 1693 922 1405 1366 1019 1058 1335 1161 1648 1306 1484 1112 1071 1315 940 
1634 1086 1795 1549 1111 1321 1152 1423 1709 1376 1680 1570 1588 0 1515 1450 1316 1488 1477 1126 1147 1121 1777 1103 1607 1476 1524 1298 1616 1800 
1210 1518 1397 1119 1575 1105 1510 1576 1401 1673 1222 1419 1102 1515 0 939 924 1695 1214 1001 1626 1483 1642 1650 1708 1149 947 1525 1459 1669 
986 1303 1273 1258 1728 1652 1000 1243 1132 1770 1400 1099 1693 1450 939 0 1389 1155 1286 1644 1661 1550 1116 1035 1426 1280 1561 1746 1537 1618 
1325 1216 1022 1065 1658 1011 982 1196 1583 1725 1255 1519 922 1316 924 1389 0 1274 1410 1688 1784 1259 1632 1072 900 1475 1495 1456 1351 1294 
1656 1732 1148 1609 1320 1307 1452 1543 1198 1538 1082 1186 1405 1488 1695 1155 1274 0 1751 943 1759 1766 1706 1254 1246 1028 1676 1248 1235 1435 
1623 1173 1047 1247 1302 1775 1796 1492 1006 1182 1323 955 1366 1477 1214 1286 1410 1751 0 991 1056 1229 969 1362 1529 1289 1333 1120 1548 1560 
957 908 1500 1288 1749 1720 927 1364 1040 1415 1509 1508 1019 1126 1001 1644 1688 943 991 0 1359 1261 1613 1177 1798 1794 1670 1076 1531 1606 
1487 1659 963 1108 1700 983 1716 1535 933 953 1352 1724 1058 1147 1626 1661 1784 1759 1056 1359 0 1596 1721 1104 1420 1651 1135 1384 1482 1355 
1552 1322 1145 1532 1180 1051 1386 1553 1187 990 968 1568 1335 1121 1483 1550 1259 1766 1229 1261 1596 0 1357 1611 1281 1231 1489 956 1707 1671 
972 1106 1206 1053 1233 1377 1472 1767 1747 1731 1413 1640 1161 1777 1642 1116 1632 1706 969 1613 1721 1357 0 1557 1686 1339 1460 1340 1781 1436 
1665 1394 1608 1030 1797 1393 1170 1470 1144 967 1718 1503 1648 1103 1650 1035 1072 1254 1362 1177 1104 1611 1557 0 1605 1318 1169 966 1063 1769 
1772 946 1080 1654 1586 954 1627 1736 1057 985 1504 1555 1306 1607 1708 1426 900 1246 1529 1798 1420 1281 1686 1605 0 1799 1064 1466 1526 1762 
1061 1343 1620 1505 1578 1614 1540 905 1304 1300 1584 1042 1484 1476 1149 1280 1475 1028 1289 1794 1651 1231 1339 1318 1799 0 1344 1523 1562 1554 
1486 907 910 1478 1501 1313 1407 1138 1282 1502 1093 1628 1112 1524 947 1561 1495 1676 1333 1670 1135 1489 1460 1169 1064 1344 0 1250 1577 1027 
1137 1310 1433 1353 1703 1083 1704 1705 1123 1741 1270 1262 1071 1298 1525 1746 1456 1248 1120 1076 1384 956 1340 966 1466 1523 1250 0 1326 1412 
1290 1598 1348 1601 1783 1592 1329 1164 1571 934 1774 1227 1315 1616 1459 1537 1351 1235 1548 1531 1482 1707 1781 1063 1526 1562 1577 1326 0 1130 
1474 1375 1125 975 1787 1619 903 1593 1765 1354 1240 1151 940 1800 1669 1618 1294 1435 1560 1606 1355 1671 1436 1769 1762 1554 1027 1412 1130 0 
